3c c9 00 00 00 00 00 00 3c c9 00 00 00 00 00 00
3c c9 00 00 00 00 00 00 3c c9 00 00 00 00 00 00
3c c9 00 00 00 00 00 00 3c c9 00 00 00 00 00 00
3c c9 00 00 00 00 00 00 3c c9 00 00 00 00 00 00
3c c9 00 00 00 00 00 00 3c c9 00 00 00 00 00 00
3c c9 00 00 00 00 00 00 3c c9 00 00 00 00 00 00
00 00 00 00 00 00 00 00 00 00 00 00 00 00 00 00
00 00 00 00 00 00 00 00 00 00 00 00 00 00 00 00
00 00 00 00 00 00 00 00 00 00 00 00 00 00 00 00
00 00 00 00 00 00 00 00 00 00 00 00 00 00 00 00
00 00 00 00 00 00 00 00 00 00 00 00 00 00 00 00
00 00 00 00 00 00 00 00 00 00 00 00 00 00 00 00
00 00 00 00 00 00 00 00 00 00 00 00 00 00 00 00
00 00 00 00 00 00 00 00 00 00 00 00 00 00 00 00
00 00 00 00 00 00 00 00 00 00 00 00 00 00 00 00
00 00 00 00 00 00 00 00 00 00 00 00 00 00 00 00
00 c3 37 06 ce ed 66 66 cc 0d 00 0b 03 73 00 83
00 0c 00 0d 00 08 11 1f 88 89 00 0e dc cc 6e e6
dd dd d9 99 bb bb 67 63 6e 0e ec cc dd dc 99 9f
bb b9 33 3e 43 50 55 5f 49 4e 53 54 52 53 00 00
00 00 00 80 00 00 00 01 01 00 00 00 00 3b f5 30
00 00 00 00 00 00 00 00 00 00 00 00 00 00 00 00
00 00 00 00 00 00 00 00 00 00 00 00 00 00 00 00
00 00 00 00 00 00 00 00 00 00 00 00 00 00 00 00
00 00 00 00 00 00 00 00 00 00 00 00 00 00 00 00
00 00 00 00 00 00 00 00 00 00 00 00 00 00 00 00
00 00 00 00 00 00 00 00 00 00 00 00 00 00 00 00
00 00 00 00 00 00 00 00 00 00 00 00 00 00 00 00
00 00 00 00 00 00 00 00 00 00 00 00 00 00 00 00
00 00 00 00 00 00 00 00 00 00 00 00 00 00 00 00
00 00 00 00 00 00 00 00 00 00 00 00 00 00 00 00
00 00 00 00 00 00 00 00 00 00 00 00 00 00 00 00
47 11 00 c0 0e 10 2a 12 1c 20 fb 14 0d 20 f7 78
c3 00 c0 d6 05 30 fc 1f 30 00 ce 01 d0 c8 00 c9
b7 c8 f5 3e df cd 13 02 f1 3d 20 f6 c9 b7 c8 f5
3e ff cd 22 02 3e d4 cd 13 02 f1 3d 20 f1 c9 f5